[gd_scene load_steps=9 format=3 uid="uid://cditpyvpja5dv"]

[ext_resource type="Script" path="res://assets/scripts/world.gd" id="1_4bxjj"]
[ext_resource type="Texture2D" uid="uid://1rrw548scnj8" path="res://assets/chars/protag.png" id="2_k2toa"]
[ext_resource type="Script" path="res://assets/scripts/enemy_fight_start.gd" id="3_08ldv"]
[ext_resource type="Texture2D" uid="uid://drccyh4p377gh" path="res://assets/chars/enemy1.png" id="3_ow6nf"]

[sub_resource type="BoxShape3D" id="BoxShape3D_4pkbo"]
size = Vector3(0.2, 0.2, 0.2)

[sub_resource type="StandardMaterial3D" id="StandardMaterial3D_hnwfq"]
albedo_color = Color(0.47451, 0.384314, 0.258824, 1)

[sub_resource type="PlaneMesh" id="PlaneMesh_rvvwb"]
size = Vector2(8, 8)

[sub_resource type="BoxShape3D" id="BoxShape3D_e6t5p"]
size = Vector3(1, 0.2, 1)

[node name="World" type="Node3D"]
script = ExtResource("1_4bxjj")

[node name="Camera_pivot" type="Node3D" parent="."]
transform = Transform3D(0.707107, 0, 0.707107, 0, 1, 0, -0.707107, 0, 0.707107, 0, 0, 0)

[node name="CharacterBody3D" type="CharacterBody3D" parent="Camera_pivot" groups=["player"]]
transform = Transform3D(0.707107, 0, -0.707107, 0, 1, 0, 0.707107, 0, 0.707107, 0, 0, 0)

[node name="CollisionShape3D" type="CollisionShape3D" parent="Camera_pivot/CharacterBody3D"]
shape = SubResource("BoxShape3D_4pkbo")

[node name="Sprite3D" type="Sprite3D" parent="Camera_pivot/CharacterBody3D"]
billboard = 1
texture = ExtResource("2_k2toa")

[node name="sky_camera" type="Camera3D" parent="Camera_pivot"]
transform = Transform3D(1, 0, 0, 0, 0.707107, 0.707107, 0, -0.707107, 0.707107, 0, 75, 75)
projection = 1
current = true
size = 30.0
near = 0.01
far = 1500.0

[node name="Floor" type="Node3D" parent="."]

[node name="Plane" type="MeshInstance3D" parent="Floor"]
material_override = SubResource("StandardMaterial3D_hnwfq")
mesh = SubResource("PlaneMesh_rvvwb")

[node name="Tile_grid_meshes" type="Node3D" parent="."]

[node name="enemy_area" type="Area3D" parent="."]
transform = Transform3D(1, 0, 0, 0, 1, 0, 0, 0, 1, 0, 0.1, 2)
script = ExtResource("3_08ldv")

[node name="CollisionShape3D" type="CollisionShape3D" parent="enemy_area"]
shape = SubResource("BoxShape3D_e6t5p")

[node name="Sprite3D" type="Sprite3D" parent="enemy_area"]
billboard = 1
texture = ExtResource("3_ow6nf")

[connection signal="body_entered" from="enemy_area" to="enemy_area" method="_on_body_entered"]
